# Predicciones Mundial 2026 (simulacion Monte Carlo)

Fecha de corte: 2026-06-13. Simulaciones: 50000.
Condicional a los resultados ya jugados al 2026-06-13.

> Probabilidades calibradas, no certezas. El futbol internacional tiene alta varianza; usar como apoyo analitico, no como prediccion garantizada.

## Probabilidad de campeon (top 12)

| Equipo | Campeon | Final | Semis | Cuartos | Octavos | R32 |
|---|---:|---:|---:|---:|---:|---:|
| Spain | 21.8% | 33.0% | 45.8% | 56.6% | 75.6% | 99.4% |
| Argentina | 20.3% | 31.5% | 44.2% | 58.7% | 71.7% | 98.1% |
| France | 10.7% | 19.2% | 34.8% | 52.0% | 75.5% | 96.0% |
| Brazil | 7.2% | 14.0% | 27.3% | 44.2% | 65.0% | 96.5% |
| England | 5.9% | 12.0% | 23.6% | 40.8% | 65.9% | 96.6% |
| Portugal | 5.4% | 11.5% | 21.1% | 39.3% | 64.4% | 93.5% |
| Colombia | 4.8% | 10.4% | 19.5% | 36.4% | 62.1% | 92.2% |
| Germany | 3.7% | 8.6% | 19.4% | 35.0% | 66.6% | 95.4% |
| Netherlands | 2.9% | 6.9% | 16.0% | 31.2% | 50.0% | 91.3% |
| Belgium | 2.1% | 5.9% | 12.7% | 33.3% | 61.3% | 91.1% |
| Japan | 2.1% | 5.5% | 13.5% | 28.4% | 47.2% | 90.5% |
| Ecuador | 2.1% | 5.5% | 13.8% | 27.6% | 58.1% | 92.1% |

## Probabilidad de clasificar por grupo

### Grupo A

| Equipo | 1.o | 2.o | 3.o | 4.o | Clasifica |
|---|---:|---:|---:|---:|---:|
| Mexico | 67.1% | 26.2% | 6.4% | 0.4% | 99.2% |
| South Korea | 29.9% | 56.7% | 11.3% | 2.1% | 95.9% |
| Czech Republic | 2.4% | 10.6% | 56.2% | 30.8% | 48.8% |
| South Africa | 0.6% | 6.5% | 26.2% | 66.7% | 21.5% |

### Grupo B

| Equipo | 1.o | 2.o | 3.o | 4.o | Clasifica |
|---|---:|---:|---:|---:|---:|
| Switzerland | 55.8% | 27.0% | 13.0% | 4.1% | 93.6% |
| Canada | 33.4% | 41.7% | 19.2% | 5.7% | 89.0% |
| Bosnia and Herzegovina | 7.1% | 21.5% | 41.8% | 29.6% | 57.5% |
| Qatar | 3.7% | 9.8% | 26.0% | 60.5% | 29.9% |

### Grupo C

| Equipo | 1.o | 2.o | 3.o | 4.o | Clasifica |
|---|---:|---:|---:|---:|---:|
| Brazil | 58.9% | 29.7% | 9.3% | 2.0% | 96.5% |
| Morocco | 32.6% | 43.0% | 18.6% | 5.8% | 90.2% |
| Scotland | 6.6% | 19.2% | 43.7% | 30.5% | 52.9% |
| Haiti | 1.9% | 8.2% | 28.3% | 61.6% | 26.1% |

### Grupo D

| Equipo | 1.o | 2.o | 3.o | 4.o | Clasifica |
|---|---:|---:|---:|---:|---:|
| United States | 57.5% | 28.3% | 12.8% | 1.4% | 98.1% |
| Turkey | 23.4% | 31.8% | 27.4% | 17.5% | 74.5% |
| Australia | 17.1% | 28.1% | 32.1% | 22.7% | 67.5% |
| Paraguay | 2.0% | 11.8% | 27.8% | 58.4% | 29.2% |

### Grupo E

| Equipo | 1.o | 2.o | 3.o | 4.o | Clasifica |
|---|---:|---:|---:|---:|---:|
| Germany | 52.2% | 31.9% | 13.7% | 2.2% | 95.4% |
| Ecuador | 35.6% | 40.1% | 20.9% | 3.5% | 92.1% |
| Ivory Coast | 11.5% | 24.2% | 48.1% | 16.2% | 70.5% |
| Curaçao | 0.8% | 3.8% | 17.3% | 78.0% | 14.0% |

### Grupo F

| Equipo | 1.o | 2.o | 3.o | 4.o | Clasifica |
|---|---:|---:|---:|---:|---:|
| Netherlands | 45.7% | 34.0% | 14.7% | 5.6% | 91.3% |
| Japan | 42.6% | 35.3% | 15.9% | 6.2% | 90.5% |
| Sweden | 6.9% | 17.2% | 35.4% | 40.5% | 45.0% |
| Tunisia | 4.9% | 13.6% | 34.0% | 47.6% | 39.2% |

### Grupo G

| Equipo | 1.o | 2.o | 3.o | 4.o | Clasifica |
|---|---:|---:|---:|---:|---:|
| Belgium | 51.0% | 28.5% | 14.3% | 6.2% | 91.1% |
| Iran | 29.9% | 33.9% | 23.3% | 13.0% | 81.4% |
| Egypt | 12.9% | 23.2% | 34.7% | 29.2% | 59.9% |
| New Zealand | 6.2% | 14.5% | 27.7% | 51.6% | 38.4% |

### Grupo H

| Equipo | 1.o | 2.o | 3.o | 4.o | Clasifica |
|---|---:|---:|---:|---:|---:|
| Spain | 79.1% | 18.4% | 2.3% | 0.3% | 99.4% |
| Uruguay | 18.6% | 58.8% | 17.2% | 5.5% | 89.1% |
| Saudi Arabia | 1.5% | 13.5% | 44.2% | 40.7% | 38.3% |
| Cape Verde | 0.8% | 9.3% | 36.3% | 53.5% | 27.9% |

### Grupo I

| Equipo | 1.o | 2.o | 3.o | 4.o | Clasifica |
|---|---:|---:|---:|---:|---:|
| France | 64.6% | 23.2% | 9.6% | 2.6% | 96.0% |
| Norway | 17.0% | 32.7% | 31.0% | 19.3% | 71.5% |
| Senegal | 15.0% | 32.3% | 33.4% | 19.3% | 70.9% |
| Iraq | 3.3% | 11.9% | 26.0% | 58.8% | 30.6% |

### Grupo J

| Equipo | 1.o | 2.o | 3.o | 4.o | Clasifica |
|---|---:|---:|---:|---:|---:|
| Argentina | 74.6% | 18.6% | 5.6% | 1.2% | 98.1% |
| Algeria | 12.3% | 36.3% | 33.2% | 18.3% | 71.6% |
| Austria | 10.7% | 32.5% | 34.7% | 22.1% | 66.2% |
| Jordan | 2.4% | 12.6% | 26.6% | 58.4% | 30.4% |

### Grupo K

| Equipo | 1.o | 2.o | 3.o | 4.o | Clasifica |
|---|---:|---:|---:|---:|---:|
| Portugal | 48.6% | 34.6% | 12.8% | 4.0% | 93.5% |
| Colombia | 42.3% | 38.5% | 14.6% | 4.5% | 92.2% |
| Uzbekistan | 6.6% | 17.7% | 42.5% | 33.2% | 51.1% |
| DR Congo | 2.5% | 9.2% | 30.1% | 58.2% | 28.8% |

### Grupo L

| Equipo | 1.o | 2.o | 3.o | 4.o | Clasifica |
|---|---:|---:|---:|---:|---:|
| England | 58.6% | 29.6% | 9.9% | 1.8% | 96.6% |
| Croatia | 32.2% | 42.3% | 20.0% | 5.4% | 89.5% |
| Panama | 8.0% | 21.7% | 45.5% | 24.8% | 58.7% |
| Ghana | 1.2% | 6.3% | 24.5% | 68.0% | 20.5% |
